Syncronous: 1.0794399408
Threading: 1.0038469768
Process: 0.25165567069999994
