Syncronous: 1010.7930584 ms
Threading: 1019.2359703 ms
Process: 294.2424376999998 ms
